% # columns="iteration, evaluation, sigma, max axis length,  min axis length, all principal axes lengths  (sorted square roots of eigenvalues of C)", seed=579650, Mon Feb 24 16:43:30 2025
1 14 0.00916414614591736 1.0000483882674487 1.0 1.0 1.0000016129045266 1.0000032258116545 1.000004838721384 1.000006451633715 1.0000080645486473 1.000009677466181 1.0000112903863165 1.0000129033090535 1.0000145162343916 1.0000161291623317 1.0000177420928729 1.0000193550260157 1.0000209679617602 1.000022580900106 1.0000241938410535 1.0000258067846022 1.0000274197307526 1.0000290326795045 1.000030645630858 1.0000322585848131 1.0000338715413697 1.0000354845005277 1.0000370974622874 1.0000387104266486 1.0000403233936113 1.0000419363631756 1.0000435493353415 1.000045162310109 1.000046775287478 1.0000483882674487
2 28 0.008741795559734583 1.0259050637106713 0.9687666781438804 0.9687666781438804 0.9754309789765534 0.9790686490025708 0.9882376468551604 0.9902843256403927 0.9965487601821389 0.9979588462358482 1.0000041950744825 1.000008680994095 1.0000115365910127 1.00001381823352 1.0000162656645188 1.0000180266297694 1.000021304215951 1.0000233500108235 1.000026116374846 1.0000269483723498 1.0000279410552784 1.0000300501986152 1.0000320004390646 1.0000342059242353 1.0000379641037798 1.0000403727291092 1.0000417984320737 1.0004959410350054 1.0014154602734118 1.0032934099852526 1.0049900280984063 1.0108820802209557 1.016857249785713 1.0259050637106713
3 42 0.008509441835871994 1.0395758754870952 0.9605103881331607 0.9605103881331607 0.9673697557432261 0.9716931933764266 0.9757126574389702 0.9835536050446545 0.9861232860121375 0.9876210542498368 0.993101345926995 0.9940495888626224 0.9966591557420811 0.9975549862739498 0.997901751875975 0.9990810945576573 0.9991802913633479 1.0000235204939953 1.0000252897265167 1.0000322732029108 1.0000477909644858 1.000073424336487 1.0002341085106667 1.0006249929621533 1.0011655256016823 1.002292895295951 1.0033871133009902 1.0052453137291306 1.0061580721081225 1.0106621200033008 1.0150508701963088 1.0173283450394643 1.026443262035115 1.0395758754870952
4 56 0.008543690795438383 1.0412858760710058 0.9553772930215981 0.9553772930215981 0.9604899694684527 0.9659858452665557 0.9693135189534384 0.9743465466749114 0.9822465027898063 0.9840138819175096 0.985641300228702 0.9914891634526496 0.9924041931647122 0.9946913464140825 0.995951609503578 0.9969605286858455 0.9976617013550897 0.9986684682752602 0.9992262314455437 0.9996669309863502 1.0002271664102655 1.00064176095958 1.0014490909076619 1.0019001049810414 1.003289721382567 1.0043942865894662 1.0075407981029831 1.0113950413453312 1.0119757704367638 1.0129351480531612 1.0164164274752598 1.0276349101865958 1.0337813246679934 1.0412858760710058
5 70 0.008604698530063737 1.0653572788364325 0.9481521581525201 0.9481521581525201 0.9538162905814821 0.9637792725821485 0.9680628084232596 0.9712450660438215 0.9801875686855254 0.98150436260751 0.9846216797886466 0.9872691057830755 0.990134863701739 0.9905292228723438 0.9927110178109129 0.9939749538005881 0.9951372012314503 0.9965297790572465 0.9978341296456847 0.9983397037634822 0.9991904682156376 1.0003278235125428 1.0017753390973685 1.0029022289973621 1.0033167657152153 1.0048971799970956 1.009947335249288 1.0108193245964037 1.0146207097740623 1.0174183575644073 1.0246721853383165 1.027775390619146 1.0395779762218054 1.0653572788364325
6 84 0.008792501080179198 1.08138821756378 0.940438663059121 0.940438663059121 0.9516582235824921 0.9595574526401152 0.963622324776688 0.9674166647311013 0.9711471388117816 0.9763798989174776 0.9830558079823926 0.9847509631224222 0.9860595100779416 0.9903645529930803 0.9923357778879894 0.9927230912968908 0.9945698317482617 0.9948448204888697 0.9968575963138878 0.998857462339578 0.9990564556711264 1.000416609641031 1.000977707068307 1.0039087415420664 1.005596040680824 1.0088141836182947 1.009523016525368 1.0134820922980716 1.0171444686076858 1.0221864315325906 1.0258538772648018 1.0295785603030734 1.0485834886490342 1.08138821756378
7 98 0.008924980410799626 1.1070608212488762 0.9395269135157406 0.9395269135157406 0.9497407794042061 0.9562254544585067 0.9599021507062081 0.9652838765906607 0.968410643481897 0.9711954693818227 0.9753876760899234 0.9813154491794656 0.9838312226076066 0.9843238297417841 0.9864051971045696 0.9896019736574542 0.9917711229103355 0.995062792747283 0.9964615288544858 0.9974529847591236 0.9986237442960235 1.0006380363008953 1.0026212063849707 1.0035454223923943 1.0050908515708608 1.0089664223998251 1.0097983915207356 1.0158741568276124 1.0169135443773645 1.025011794636209 1.026249460432207 1.0402770769937524 1.0543511701092974 1.1070608212488762
8 112 0.009144132632292414 1.12903846282106 0.9344473072332917 0.9344473072332917 0.9490293886703891 0.9529118760335816 0.954503878678075 0.9595410292348954 0.9671231553551132 0.9713668614671297 0.9731360707498313 0.9799567865740036 0.9809629876452929 0.9854892041883238 0.986815761813948 0.987540389790064 0.9887260866861022 0.9918924736653094 0.9940721955135134 0.9965015054270644 0.9976896528841641 0.9999534316790246 1.0015982699047261 1.0026716266588644 1.0067123245191503 1.0078699209879376 1.0128721290072764 1.0151043753509987 1.020025894354727 1.0244263829315245 1.0282210205857214 1.0448689947456116 1.055195257949454 1.12903846282106
9 126 0.009076040269651647 1.1484725140618774 0.9300885554256888 0.9300885554256888 0.941480794310195 0.9476080955350641 0.9498408179359741 0.9576795178473804 0.9656258091765553 0.9694669643573863 0.9757324542770602 0.9781883699969977 0.9814076029476392 0.9836445147799875 0.9852254290103487 0.988725282525896 0.9896819841630307 0.9908553142801391 0.9931505578957387 0.9935870736098705 0.9982725997425745 0.9988738733635082 1.0013632816531615 1.0048503524266676 1.0061251714325603 1.0102104493813622 1.0174903288864492 1.0176945914285023 1.0238750068333886 1.0277123485891249 1.0304394855350372 1.0426229059376724 1.060861356022276 1.1484725140618774
10 140 0.00925395749486171 1.1628962841420303 0.9192108013055583 0.9192108013055583 0.9368540587690913 0.9413754424062508 0.9475421261839007 0.9567719901226487 0.9625589568851487 0.9687135517339098 0.9734475484033271 0.9742587813159678 0.979778470738735 0.9810040485486988 0.9831325843433405 0.9860565580592865 0.9882282875672478 0.9900655396596887 0.9914546001049799 0.9941595964338944 0.9964447976986377 0.9985448165154968 1.0001888422556198 1.0047368611041307 1.0072272426368796 1.0115500129088284 1.0181210615019824 1.020844378808658 1.0249580731041086 1.0319851257408355 1.0342649224685376 1.0471986462779472 1.0605508275436497 1.1628962841420303
11 154 0.009357304101069202 1.1782984966234724 0.915849527321206 0.915849527321206 0.9348033736294785 0.9417710042444348 0.9437862888713875 0.9531878072507776 0.9618686903263216 0.969416584765772 0.9703550689431426 0.9737614399206095 0.978887194978591 0.980291112965127 0.981842725945877 0.983765440330303 0.9874070935579551 0.9897877677460458 0.9905687408272131 0.9915123342123489 0.9966336517278053 0.9976454314492053 1.0032548651053945 1.0069122336928955 1.009112292273206 1.0111869848108723 1.0182737364906809 1.0236616072002565 1.0248312057327145 1.0340236663600602 1.039047321819443 1.0496280986426223 1.0721791315285503 1.1782984966234724
12 168 0.009453737292734767 1.1872137217662015 0.9154488543003523 0.9154488543003523 0.9295581442848062 0.9360589461720539 0.94455703924956 0.9501703232597088 0.9527410335783751 0.964382245686626 0.9704920144802799 0.9714996883451368 0.9768601358960309 0.9794306390830139 0.9809305407995894 0.9822797471814538 0.9857926341531057 0.9864275181762756 0.9887450305089794 0.9925199927829461 0.9932580206159554 0.9985224521614348 1.0039175061791235 1.0061363778371302 1.0109443162528509 1.0153275156552974 1.0190864169788965 1.022707291498602 1.0315540836455794 1.0349017774473361 1.047800921742375 1.054985894088434 1.0763874332049044 1.1872137217662015
13 182 0.009568433405236281 1.1925441276172832 0.9148949652687494 0.9148949652687494 0.921208940741394 0.9352859482502589 0.9416048863477372 0.9495268475675009 0.9507959788758398 0.9580232727768307 0.9650637073040411 0.9703808642761712 0.9729203771892312 0.9751717567243128 0.9776826536886442 0.981436135866078 0.984037795811093 0.9853193504903658 0.9897367680154526 0.9913992835951069 0.9936312293618207 0.9986315728612835 1.0033275218593478 1.0048931327613169 1.0121615516753346 1.016704455201379 1.0189753501460823 1.0269644613406317 1.0344233316870637 1.039352251507991 1.0498680375577867 1.0646021391359954 1.0805495161958651 1.1925441276172832
14 196 0.009560924474183075 1.2021143218695167 0.9099463134591681 0.9099463134591681 0.9182832389118935 0.9360558401771752 0.9424022864933842 0.9454649784268259 0.9486405845495148 0.9550477221187059 0.962465389027999 0.9667647464041108 0.9716156638482072 0.9737403648323809 0.9768184828983343 0.9783600777671991 0.980331092472916 0.9846422317718315 0.9875089083871641 0.990821679866866 0.9922835015388891 0.9976477987737203 1.000802940719099 1.0070736075920599 1.0145049139653302 1.0177501863236826 1.021479310033407 1.027449946314054 1.0354471469455149 1.0447611825935639 1.0493808360506387 1.0813945921332495 1.0838645320792837 1.2021143218695167
15 210 0.009642770826315374 1.2106809453723557 0.9073308400159488 0.9073308400159488 0.9177109429056746 0.9332635219540381 0.9369358228095392 0.9382243091732281 0.951951079715712 0.952762830013989 0.9618259063036814 0.9679035541605999 0.9708938433122859 0.9734609549060499 0.9747404422671112 0.9774597957769274 0.983148127852349 0.985773135984485 0.9888374343876526 0.990635534447374 0.9938619744051849 0.995773213258373 0.9980033053174528 1.0059441646269032 1.0152104595375044 1.0166262299935869 1.0188909121006005 1.0300054407875174 1.0322975075387895 1.0440585359009138 1.0495900912898852 1.0829869179309364 1.090836487132785 1.2106809453723557
16 224 0.009484474223822256 1.2285237163506644 0.9080491558148476 0.9080491558148476 0.9133431592007503 0.9284818392038825 0.937304242155386 0.9389190120495275 0.951912683317478 0.9529035983282226 0.9603265314244797 0.965249056575621 0.9686057943001386 0.9726899901169933 0.9742991404469689 0.9760996539723299 0.9806714897208971 0.9842269139889842 0.9863844926158187 0.9898652904469515 0.9942515438514783 0.9967392426456821 0.9994184806222676 1.0029876707183123 1.0110801204230646 1.0163975276944757 1.0249497910095033 1.0274934215749383 1.0310509803972885 1.0404849290575902 1.045940348032614 1.0869082313270473 1.1028375008582256 1.2285237163506644
17 238 0.009412125869022741 1.2348464035852547 0.908104709826347 0.908104709826347 0.9156754142495165 0.9231757171411448 0.934089609077058 0.9381334785002283 0.9464397470567119 0.951472470975164 0.957016100438235 0.9622289318915328 0.9704021162624634 0.9713660796990905 0.9721641828454789 0.9753215003390039 0.9771688811584197 0.9831879636711206 0.9852633943826965 0.9912822095556777 0.9959512266603859 0.9967346116307746 1.0024801649258512 1.0043477002975005 1.0125463797174548 1.0196001485804431 1.0233814182984708 1.0282026823385495 1.0320799192038408 1.0395281576011792 1.043757213966641 1.095371548062542 1.1073353357073477 1.2348464035852547
18 252 0.009331018807504105 1.2364194270611102 0.9018783197149747 0.9018783197149747 0.9154338913519636 0.920430842047448 0.9330884391935905 0.9379825706665958 0.9460841590420308 0.9496582953882882 0.957588291318046 0.9603145385692587 0.9645930607010533 0.9692962549318753 0.9732498312124627 0.974872740634929 0.9750643339471646 0.9822932802677927 0.9840725239683483 0.9884590276837586 0.9966434746568361 1.00314354878044 1.0036357485021978 1.0085456331071188 1.0110169198499968 1.0205104527027096 1.0232108091338818 1.0266535865168935 1.0288453007919955 1.0427413805481656 1.0451984926183193 1.0980527385860175 1.1130441893212781 1.2364194270611102
19 266 0.009281013009450487 1.2393730528572795 0.900998549783313 0.900998549783313 0.9160855427130506 0.9215483651382692 0.9281692592079498 0.9350586572471294 0.9418947850826304 0.9425201922266148 0.9541047913583612 0.9594051456700997 0.9630308349446389 0.9647471428575709 0.9683555561653102 0.9730273123291487 0.9752213881368806 0.9788409059402992 0.9860405007129569 0.9918513374661271 0.9966136631854284 1.0034776793883013 1.0064518983936777 1.009127315093 1.0140352862589077 1.0197847733573042 1.023568930969582 1.029294165779658 1.03858795559518 1.0435827044555428 1.0619610120265417 1.095481620951227 1.1204536965373553 1.2393730528572795
20 280 0.009265284848063618 1.2413010613337903 0.9023396537983825 0.9023396537983825 0.9094878052875093 0.9196609441722806 0.9250667211758599 0.9327980203562048 0.9380745816592306 0.9433222710189682 0.9522789714129836 0.9573374403817342 0.9589079546946299 0.963768582986198 0.9681046167603676 0.9720942385866355 0.9742138819657455 0.9819721794739659 0.9860712307536037 0.9873037164348034 0.9979897425385783 1.0032881561166347 1.0057230132161483 1.0088830853899362 1.010767931882624 1.0179806944518197 1.0220261070569634 1.0291130498748862 1.0400999911142577 1.0493153855350084 1.0646977228113148 1.0951132879552816 1.1243615211310636 1.2413010613337903
21 294 0.009360443918485851 1.2442125920397913 0.89619487347835 0.89619487347835 0.9107204062682338 0.9137001944267271 0.9233850488922778 0.9318231173315001 0.9329867300827714 0.9401209407309878 0.9485557275499695 0.9554824224879324 0.9588155591816551 0.9664238639371268 0.9684492054456459 0.9726787621394462 0.9742749134450136 0.9814777094382899 0.984382321580757 0.9897672660259365 1.0007113431776167 1.0050523118936083 1.007406271094742 1.0100491979211934 1.0125698624746573 1.0201453547933468 1.0238627946174275 1.0304063592091994 1.0387569236140193 1.0460164691948002 1.069246395810045 1.0986206624610704 1.1279294585376527 1.2442125920397913
22 308 0.009418913062611143 1.2442826035857113 0.9002709254934215 0.9002709254934215 0.9041738304183442 0.906873619376264 0.9211917625397603 0.9283347206681932 0.9362468729610754 0.9410622801687657 0.9442031686963156 0.95362223810792 0.9585331663797114 0.9642958410737644 0.9683445807977757 0.9713364952423443 0.9754278876040091 0.9794448485152227 0.9847229631959198 0.9894743286182058 1.0021416498240303 1.0053661501674358 1.008437412230488 1.0092419700127317 1.0112004353274076 1.0194681512090489 1.028391799624248 1.0352854212649791 1.0397360783680023 1.051567555931105 1.0768788857637943 1.0982000757778076 1.1320217563101111 1.2442826035857113
23 322 0.00942730930838694 1.2447753847120346 0.8926599975025693 0.8926599975025693 0.9009450765072254 0.9075365061371731 0.9186362103864184 0.919290532496012 0.9371382751606697 0.9401909893598084 0.9419106954616141 0.9530572911714122 0.9556238456000009 0.9616818481469531 0.9680903989674472 0.971217361380255 0.9743199575671212 0.9794785202908863 0.9811173591934261 0.9873546548745289 1.0018500627319036 1.0032207229858368 1.0072304891492576 1.0091953729441376 1.01317941260738 1.0212458078598339 1.0302177268378387 1.0338959939714838 1.038795818882604 1.0501124447859815 1.0863162332631466 1.101266392012633 1.1362816830411135 1.2447753847120346
24 336 0.009499522002507886 1.2492139882024316 0.8925972875695288 0.8925972875695288 0.896292129744421 0.9071568384270111 0.9116646923213809 0.9173429739884423 0.9327239181430611 0.940448472718249 0.9433955007325163 0.9486032405517981 0.9553319458639941 0.9586908502616748 0.9644615919608527 0.9711142573904473 0.9742158247493199 0.9763648361499664 0.9798904231459283 0.9863622919422109 0.9999334847528663 1.0030055752974625 1.006021085414244 1.0091693716986085 1.0122273889300613 1.0224427937747986 1.0299434586905967 1.0364950455552966 1.0443350770509543 1.0576495388083647 1.0891965648892261 1.1021459125233182 1.1443862968061416 1.2492139882024316
25 350 0.009570114388674401 1.2546174453226588 0.8903825076405032 0.8903825076405032 0.895680708998228 0.9076193312642525 0.9118551168319801 0.9167414626258459 0.9281482168754577 0.9395709121428648 0.9415109594973474 0.9432886717389175 0.9538673273429097 0.9582237262911585 0.9629279827168885 0.9677870818447855 0.9705987961723253 0.9750904076383009 0.9768618297143319 0.9884643855763661 0.9984456473025963 1.0038380358538745 1.0058805734624578 1.009471765172643 1.0158481272746671 1.0225693296201994 1.0246194817919085 1.0344561763949596 1.046731707208276 1.0608246594791024 1.0889639487378155 1.1059470082894554 1.1517327732377267 1.2546174453226588
26 364 0.00979982770001537 1.2571306520604029 0.8837112208597867 0.8837112208597867 0.8921373036412559 0.9083393544162999 0.9120407220178153 0.9157158198203282 0.9265097114396772 0.9362911734424384 0.9414511280353843 0.9453393802058709 0.9524113787300288 0.9546438650790915 0.9618081879093169 0.9649273160529148 0.969315048275928 0.9747009202310095 0.9758746451354565 0.9863177954161864 0.9985891747485904 1.0031365218519321 1.0064516694475847 1.0116497541197609 1.0126908554486904 1.0227805816594735 1.0292710173606165 1.0369343896780991 1.046621876862267 1.0612549799001487 1.0858271630678937 1.1057526204462125 1.1627395642507128 1.2571306520604029
27 378 0.009957053642192919 1.2597843446059462 0.8807989190898969 0.8807989190898969 0.8884921324296593 0.9052519912346091 0.9099531305048492 0.9158798695139564 0.9254965259092451 0.9334476877619107 0.9381492666440086 0.9453983796526321 0.9487823772007866 0.9530910722270619 0.9600472738854245 0.9636951369473767 0.9680732160193389 0.9719142538204726 0.9754658339519244 0.9852464343462515 0.9981812226976778 1.0037761147455901 1.0076204853183963 1.0094526880488146 1.017375600685016 1.027593915957045 1.030152898482904 1.0434156910449222 1.0525811160427134 1.0676673954798284 1.0905468445300144 1.1080764562702674 1.1698202446530033 1.2597843446059462
28 392 0.010078365564124562 1.2674684040748923 0.8777635820309407 0.8777635820309407 0.8855200238858733 0.8975988408624088 0.9078351521886225 0.9170333667845676 0.9220554052934096 0.9348626157876506 0.9379083803314034 0.9400252249268866 0.9469816343019379 0.9552358223505305 0.9603811024464203 0.9634823461628425 0.9656714922660494 0.9689424060719842 0.9751996191624548 0.982574666032321 0.995585128519991 1.0015930732501328 1.0046920762895921 1.0078753143193584 1.0171850593485119 1.0262050536300606 1.0309262995311017 1.04738334959024 1.0567929187153886 1.068146768389359 1.0926114110713983 1.1096121036023456 1.183436014231653 1.2674684040748923
29 406 0.010105682394629173 1.2711243100547434 0.873634257800823 0.873634257800823 0.884638661547772 0.8946937749729632 0.9035030166162245 0.9155828711585247 0.9206535309185243 0.9320295647014901 0.933714235886418 0.9392249210076246 0.9417953183958131 0.953245073079561 0.9608047058032891 0.9624058397170709 0.9643099314772248 0.9675016997442905 0.9721396326222574 0.984208537330824 0.994978852814111 0.9993936030314712 1.0057204189777762 1.0097088271771084 1.0170424142895609 1.0314448792908346 1.0388570729229103 1.0448207247938237 1.0646199526472278 1.0680752128382802 1.09432175973482 1.1208077189538246 1.1910055734667264 1.2711243100547434
30 420 0.010437586294833632 1.274963894603318 0.8741727821093409 0.8741727821093409 0.8831035762632221 0.8929685388365598 0.9027251860508514 0.9133858525006927 0.9163077916750931 0.9228902200492919 0.9319034036344335 0.9370270735877256 0.9443196941557105 0.9519991588033033 0.9574436621407642 0.961612235044464 0.9678038567935652 0.9690913316547 0.9744014229218305 0.9857539641587073 0.9940379479406679 0.9962953514035933 1.0018745108114215 1.010173096357384 1.0184025911590158 1.0259506808112304 1.0385667347722436 1.0455611205660988 1.067207507435067 1.0741773698644135 1.095368507519973 1.1237589287193872 1.1975177497940945 1.274963894603318
31 434 0.010707713002241909 1.2816110378034895 0.872144927889939 0.872144927889939 0.8845989705176659 0.8916727302196407 0.900268310887644 0.9080366959517014 0.9127342515914314 0.9195287993098606 0.9316075480834397 0.9373563833830691 0.9450092175493153 0.9551914259719488 0.9573593777937234 0.9628461061092782 0.9669965841721632 0.9688672920083062 0.9739070326802292 0.979456021682554 0.9946605569803504 0.9977501679452248 1.002728587249622 1.0136817135494995 1.0192359682309613 1.030081716630341 1.036643211254666 1.0467652533069203 1.064285267442293 1.073321551200218 1.0962488288016559 1.1293651841635532 1.2119683884719232 1.2816110378034895
32 448 0.011085677296025708 1.2957746214800376 0.8689995779770554 0.8689995779770554 0.8827145777601884 0.8888465242494813 0.8974293959270236 0.9073826814765644 0.9100030178090976 0.9204045858993125 0.9334413428922617 0.9374674904213548 0.9416565308543349 0.9452135643421198 0.9515004511228058 0.9617993098205511 0.9651106332983196 0.9681936478935024 0.9721340071387808 0.981787779760023 0.993539426198076 1.0016692305749717 1.0041514066817259 1.0157642702398872 1.021592562072695 1.03024205821827 1.0403869296947108 1.0460313089114877 1.069131080082386 1.0727916360663454 1.0992050537434244 1.1332351682340343 1.225049916449695 1.2957746214800376
33 462 0.011430279549004625 1.3100126674663806 0.8677606600586805 0.8677606600586805 0.8836624536698723 0.8872358751005756 0.8946756388676792 0.9048046429299034 0.9092529533446786 0.9207655803205191 0.9324928244162167 0.9333119822470943 0.9422826105127914 0.9469854592522612 0.953127748401572 0.9588532661263837 0.9635966587246524 0.9703426683154295 0.9733017423564447 0.9769887650831007 0.9928235029398963 1.0001083309785488 1.0028867659529042 1.014828026488021 1.0217845091841453 1.0279736324553344 1.0408992720674535 1.0488933441016717 1.0695017752064775 1.0749981323372815 1.09990487872061 1.1367087234187019 1.2409566081823213 1.3100126674663806
34 476 0.011722637080185068 1.3235840396235143 0.8657580475632242 0.8657580475632242 0.884713686797011 0.8872675671719513 0.896410746226538 0.9046259414919551 0.9068041799537981 0.9187452512664785 0.9304857982070455 0.9327326191361035 0.9369707754634977 0.944080872215387 0.9546809787950523 0.9609646699246395 0.9634408472104702 0.970645806302944 0.9733796835734102 0.9776542425889873 0.9911753625161556 0.994436495777236 1.0032936590605546 1.015343843810415 1.0226332599261487 1.0232315453049083 1.0440503332725402 1.049674802919978 1.0693998142437715 1.083672332057348 1.1053445597570293 1.1351406545575766 1.2426978747684314 1.3235840396235143
35 490 0.011934493352890648 1.3432561948782598 0.8647492430176518 0.8647492430176518 0.8753992035784357 0.8820076988233533 0.8927439988632826 0.9016528098835254 0.9044396891377071 0.9141939595543763 0.9276356546779994 0.9317981134286277 0.9351000074768809 0.9436314819738739 0.9527558804323829 0.9617676151684642 0.9627614158229062 0.9692900029556265 0.9736302200115817 0.9763452296384804 0.9906507690317466 0.9988401819811314 1.003756733320988 1.0142627144143004 1.0207579676335399 1.0259892837812192 1.0475154062666154 1.0492880668776494 1.0692228251538665 1.0893585522301366 1.1073747318436893 1.1325767638858382 1.243170292405037 1.3432561948782598
36 504 0.012058522675309397 1.373529412076881 0.8674352156168629 0.8674352156168629 0.8732794995758913 0.8766627726057505 0.8892334412711951 0.8966318385889713 0.9053570504577374 0.9104360372559026 0.9278772679392884 0.928973954260543 0.933637861516833 0.943100955715148 0.9477086821258445 0.9588142784528505 0.9653624633214257 0.9673663706871755 0.970745835733585 0.9770841786082187 0.9931136683766023 0.9998550994571409 1.0041802523835506 1.0119924444176067 1.0221061560033295 1.0255198383840407 1.0465464528403572 1.0494070223896523 1.0688065851360782 1.0896341335542608 1.1061873635135562 1.138899934975303 1.241812767002565 1.373529412076881
37 518 0.011897490600233427 1.3852808504786422 0.8623279040910165 0.8623279040910165 0.8682069915818209 0.8778910582509789 0.8892404581925507 0.8980770648319658 0.9026744096154785 0.9093277247682927 0.9239776807661695 0.9315293293242661 0.9374109019359812 0.9416725846181095 0.9435770264371571 0.9586869282516113 0.9615551260874489 0.9682625855238277 0.9725008348332413 0.9776702470487851 0.9935236197256424 0.9977280712036005 1.002394579372338 1.0154531615850388 1.0227700379355733 1.0279143528150614 1.0459652818009688 1.0494731084923745 1.0678983906337418 1.0947731351284784 1.1018562881023346 1.1448508577877285 1.2490038219531143 1.3852808504786422
38 532 0.011831707031407245 1.3958411167833433 0.8589163796201201 0.8589163796201201 0.8671067695133793 0.8760630750266784 0.8932392498521241 0.8942662224154136 0.8974362915125926 0.9084696251723038 0.920856726739113 0.930632729419905 0.937142419202645 0.9415662478988253 0.9434439581380899 0.9573903802851863 0.9609392465937135 0.9671062815976371 0.9740021287568178 0.9786888098658145 0.9936793008650553 0.9972206478508089 1.0045241983861455 1.0093518506056354 1.0224361598620486 1.029374365259115 1.0445948667148606 1.0510743213285803 1.0707126912547487 1.0938299955541468 1.0966013399279682 1.1463735206398433 1.2493226533633226 1.3958411167833433
39 546 0.011604081989709764 1.4030931478219515 0.8562475272117167 0.8562475272117167 0.8653767097168539 0.8710388406820881 0.8874054427813405 0.892020305002101 0.8950828811844436 0.906158681460746 0.9178146030248912 0.9305573022740825 0.9354984297240737 0.9408426646868301 0.9460019470768709 0.9552509585811984 0.9607010571573702 0.9640688030657675 0.9700425084796883 0.9787520252824377 0.9913456152353252 0.9981604350966209 1.0035717862189313 1.009266185377664 1.022879331685348 1.0375761205284857 1.0445594958683715 1.0581972925946563 1.0807536186645228 1.092360812368823 1.096949400199608 1.1551832146086323 1.2463194412380612 1.4030931478219515
40 560 0.01143215737124298 1.4123692378001502 0.8546797503080867 0.8546797503080867 0.8651567554963145 0.8695351045714892 0.884138376803463 0.8925931429971273 0.8945058593259005 0.9110459120905914 0.9161958229409282 0.9256563326003837 0.9314189266616048 0.9382198499677866 0.9493979759443198 0.9498362916876161 0.9596505474944395 0.9655246780128307 0.9665883504179881 0.9821321659344749 0.9915163962022356 0.998488462259282 1.0052810363520048 1.010487905890101 1.0284380626906497 1.0408691939953065 1.0488216782374977 1.0576775691229667 1.0787580460196025 1.095203990009701 1.0974726993064827 1.1547053321967184 1.2444524318919146 1.4123692378001502
41 574 0.011243609997093531 1.4163701232606545 0.8487886895106915 0.8487886895106915 0.8602293722576116 0.8681697048890225 0.8836101443963338 0.8910731303270825 0.8943320352313272 0.9095459397775095 0.9180124961204076 0.9246080703844902 0.931869910106354 0.9337212269441257 0.9473352362538355 0.949169173823754 0.9622893115047296 0.9631547758161145 0.9652499030790185 0.9823897806462666 0.9920177522886519 0.9977022599752867 1.0043976204694915 1.0106975059929963 1.0270285255391827 1.0421836277960606 1.049262637026419 1.059274660875437 1.07661201747656 1.0949402755558049 1.0998057806727934 1.157182730809817 1.2394684724116218 1.4163701232606545
42 588 0.010985089319687513 1.4178076779635116 0.8449429929123904 0.8449429929123904 0.8586159664343228 0.86645851461501 0.8831701853574295 0.8890314149018348 0.8937167241647672 0.9055490944830363 0.9154976954440059 0.9261216014924534 0.9317377762030817 0.9339921672754277 0.9461571488513334 0.9514742056971571 0.9580622631917753 0.9641315660881453 0.9654054481181976 0.9810414617552324 0.9895913779613171 0.9961694460558518 1.0014621811118862 1.0170880071677395 1.0269145405240612 1.0420826836768993 1.050304153974469 1.06029016611074 1.0778852828200325 1.094916564909535 1.1010938184568781 1.156981638823349 1.2437753279299713 1.4178076779635116
43 602 0.010664131590229792 1.417304161820701 0.8409171888676235 0.8409171888676235 0.8576181686313996 0.8641244092016733 0.8811638770502112 0.8890888680084479 0.8937424279328898 0.9052833445299354 0.9120115343990335 0.9252088549156632 0.9309856105516016 0.9332188951577451 0.9452285741130068 0.9488551219054681 0.9516365622787698 0.9611360171781599 0.966909108743884 0.979178287116685 0.9908139507238202 0.9992004646971581 1.0017364605871237 1.0200318155709969 1.0241207732530966 1.0414219998003011 1.0486483569744927 1.0589723698012303 1.0750957673489765 1.0928582176891384 1.1035170022428666 1.1569591734976983 1.2404352077686789 1.417304161820701
44 616 0.01029956975003014 1.4172008236454134 0.842997768195349 0.842997768195349 0.8540929547173498 0.8592636768950062 0.8803291624701427 0.888388824771782 0.8924763269746562 0.9052638820369893 0.9088892320519634 0.925273192231455 0.9310482918655637 0.9340219804746189 0.943334287487345 0.9479477793980412 0.9500561446946586 0.9577977292149252 0.9656522192152266 0.9765671096120063 0.9906448739402224 0.9918620541880997 0.9962138555371163 1.022060885293191 1.025743819259013 1.0409173884774399 1.0461145622401713 1.0574110196697224 1.0758519271564355 1.093132568485269 1.1080700213635515 1.156612133223442 1.2416241539429436 1.4172008236454134
45 630 0.009935582993384954 1.4170243270529415 0.8369459339530776 0.8369459339530776 0.8486599092467042 0.8530509344794855 0.876325479770019 0.8865892822041 0.8899156695395694 0.9033066305925099 0.9084598016356273 0.9269345322010523 0.9300116793589374 0.9362296755509761 0.9372099208688669 0.9474380046993776 0.9497990413128082 0.9599063682910065 0.9668972603319075 0.9780277926604838 0.9866638250849008 0.993899258727169 0.9982489224921669 1.0243780692887043 1.0283570201554275 1.0363384799801143 1.0480674130283052 1.06242206560955 1.0760250217545344 1.0957258995979462 1.1120979281435615 1.1556540386321346 1.2507181886768461 1.4170243270529415
46 644 0.00990361247828262 1.4211330719503559 0.8344374510568424 0.8344374510568424 0.8466678828009019 0.8530710744672848 0.8733889925093079 0.8805625675595405 0.8864752337252092 0.9008652775692241 0.9068003321517324 0.9254100704073365 0.9290522555712035 0.9351945092845492 0.9372070370649696 0.9481821613850248 0.9510736402231751 0.9637488987600581 0.9661537862652323 0.9765825329391025 0.9870185549032758 0.99284240760249 0.9965258204469898 1.0193744522860653 1.0280557360310005 1.0343598214014957 1.0470823560742306 1.060419326135989 1.07542523702116 1.0947838857183818 1.1129776053760143 1.154951318272431 1.2530087786788924 1.4211330719503559
47 658 0.010089117788725338 1.4161913459404434 0.8341771567674826 0.8341771567674826 0.847063183052334 0.8495367392063735 0.8718831016829636 0.883944642919072 0.8876620382738315 0.9010681488273581 0.908542240532461 0.9221107503641816 0.9284291378837674 0.9333933914841551 0.9387684261906446 0.942292814730281 0.951979265575739 0.9630159082340517 0.9746177131773551 0.9791362911695222 0.9856981026468286 0.9947271320471028 0.9994472378719659 1.0165685794653145 1.0267392354676723 1.03337201764432 1.044559642041668 1.059707269876468 1.0718946679202273 1.0940627224186235 1.1165226695923267 1.1551868414519773 1.2575508063199472 1.4161913459404434
48 672 0.010315425707879093 1.4277875134584992 0.8326753684461791 0.8326753684461791 0.8437064350691249 0.8464881172510386 0.871583257332707 0.8797922505641572 0.8873269865126752 0.899266306325269 0.906250509885095 0.9181940761190285 0.928107291985265 0.932171162757679 0.9360123319175765 0.9425471179095084 0.9505509530363788 0.9638819410485265 0.9777995228405983 0.9814323387282005 0.9851684877154842 0.9924022543428288 0.999049471448289 1.0166812791910096 1.0257328745106236 1.0337673454077125 1.0432096430684465 1.0620034920029406 1.074087203810746 1.0963947500646543 1.1168117869006293 1.1569404289004699 1.2617556348188617 1.4277875134584992
49 686 0.010259373667935865 1.4276267718634437 0.8300288123415466 0.8300288123415466 0.843174790447499 0.8462414290345089 0.8702525795811087 0.8778047279862188 0.8849417002265911 0.8949583792559952 0.902604582200824 0.9152287166149672 0.9276287998307401 0.9296615845833781 0.9353071040308343 0.9408509494688622 0.9503868610646002 0.9651585575001457 0.9718922002901145 0.9800207226018841 0.9841253426453528 0.9948883529076022 1.00514520471066 1.0116174642487306 1.023777116411206 1.036812607614915 1.0474837892477777 1.0660158418005752 1.0807901715111228 1.0962072979681685 1.1198499444656373 1.1567659596303992 1.2637379026366469 1.4276267718634437
50 700 0.010215047232445056 1.4266793385091752 0.8319809828288451 0.8319809828288451 0.839522403041973 0.8467372623697408 0.8703255223226413 0.8765564627182317 0.8799460570825227 0.890125860430385 0.9038216908671708 0.9164269720684096 0.9255217728097355 0.9292592631023412 0.9364727684560104 0.9400025998205318 0.9441999998359814 0.9664569146537206 0.9733763320893958 0.977666389292515 0.9844765924452135 0.9945829167119707 1.0068497576435114 1.0115359404965913 1.0229839759885964 1.0344407606137265 1.0535225868658098 1.0655389292464366 1.0869899229761248 1.0958775087695793 1.120096063949273 1.1569624366600642 1.2721770759156765 1.4266793385091752
51 714 0.0100695060221805 1.4240547566658508 0.8295956439532424 0.8295956439532424 0.8395618281066887 0.8466480404067196 0.8689252432143021 0.8710230733547275 0.8782106737951192 0.8877838307320202 0.9020442343705204 0.9128691793476897 0.9216936412843616 0.9247714582196047 0.9384136671566532 0.9412653954048672 0.9460019501384577 0.9628032048835067 0.9746687126479148 0.9790061495311854 0.9861184599647614 0.993750247374469 1.0102045475836348 1.0166511148807416 1.0190017289101452 1.0339171581619033 1.0560240949540969 1.065974087956714 1.0892347686479324 1.0947773895259247 1.1196507585585298 1.156795269904895 1.2753042900296117 1.4240547566658508
52 728 0.010141723750963305 1.4248714694619342 0.828741784801449 0.828741784801449 0.8385539780334864 0.8463077625743722 0.8662569694569425 0.8717126109128582 0.8766836680202877 0.8864823841383281 0.9023060810954877 0.9095803675432449 0.9206550394679015 0.9222556422298895 0.937071904099091 0.9394765549403843 0.9453115717441966 0.9621767527655009 0.9738984695523483 0.9808071485548441 0.9837636597044854 0.9942050536431445 1.0092687637100124 1.0159357732897516 1.0197080769164237 1.0318603278286893 1.0546475752443452 1.062660861357666 1.0883646990665878 1.097275186415715 1.1222762231528893 1.1581866803216563 1.279401865451232 1.4248714694619342
53 742 0.010164090858474722 1.4229775012969983 0.827863185365253 0.827863185365253 0.8338420975538184 0.8457762009847184 0.8677556964990806 0.8727474414681569 0.876915347673303 0.8862043311137525 0.9008606636737558 0.9070810031308938 0.9159129729347848 0.922096474051669 0.9366853443206532 0.939564119425215 0.9431209593992596 0.9596994250807483 0.972730767401959 0.9808700223631858 0.9845980603203569 0.9913692607576424 1.0037877223469702 1.0155904363015102 1.0278895069540241 1.0333734577776768 1.0531844981819054 1.0632543711869555 1.0856843056573675 1.0959009983066368 1.1365920817088908 1.160224496682406 1.2847830451286602 1.4229775012969983
54 756 0.010337839450249537 1.4218915358413646 0.8259532220797122 0.8259532220797122 0.8337883693397395 0.8458715377122268 0.864118045679648 0.8716939563142843 0.8735698161956572 0.8882929752194174 0.8960074119028489 0.9029993051836847 0.9150995398627066 0.9196609213520639 0.9347328443260957 0.93594332331363 0.9450226581544785 0.9591499566181773 0.9722307678052222 0.9782681829170443 0.985693665615906 0.9867319700022836 1.0070541806713798 1.0170678899386552 1.0329772159381077 1.0340644523772424 1.0521584561563413 1.0616096170211453 1.089135688676947 1.1036444704709076 1.1394312606658306 1.161434836976709 1.2907940797150796 1.4218915358413646
55 770 0.010589145135518238 1.4242336332458354 0.8276621672339609 0.8276621672339609 0.8302937084427737 0.8449800560583015 0.8629631949125917 0.8709055948214697 0.8735232625351521 0.8856153305791958 0.8894695632055022 0.9003206617357757 0.9138565495694572 0.9171324237884159 0.9338765454217357 0.9367883090716002 0.9458955176504781 0.9591448231861579 0.9709347752560289 0.9767116895752711 0.9849915169837697 0.9876721361500018 1.0059834666259877 1.0165554118492337 1.0298948493544493 1.0432469017952244 1.0512019571986337 1.0572979209292426 1.089252131858694 1.1086665036126957 1.150963602353664 1.1600322382348676 1.2952984386527027 1.4242336332458354
56 784 0.010674253526771881 1.427915663173079 0.8277779830353555 0.8277779830353555 0.829975607090389 0.84054550606005 0.8608827332313226 0.8690851547292653 0.8735358078794553 0.8879025769433816 0.8912074179632153 0.899154476800154 0.9154394044232724 0.9195350582669374 0.9303324935134165 0.9354000558177912 0.9478327096497507 0.9529878861105332 0.9695877909022753 0.9756740994354228 0.9807715244779599 0.9867576970549857 1.0046964480074607 1.0167774893153967 1.029824868926785 1.0454059992405578 1.0516153914252953 1.0567508850908565 1.0868522646745702 1.1188829678596766 1.1559254306057853 1.1625248366030354 1.300326386108958 1.427915663173079
57 798 0.010762533143044397 1.436403218062694 0.8267955947364481 0.8267955947364481 0.8286808671744033 0.8395522865233721 0.858781933387862 0.8698166753344954 0.8748345232178518 0.8868311354791014 0.8917772875077874 0.8997652281830347 0.9112356607504903 0.9172945986142557 0.9286297840889188 0.9356005439633953 0.9478531500766376 0.9529112639640434 0.9629789559808823 0.9714511172110164 0.9793942508370761 0.9849512088125029 1.0029183781171682 1.0151283957221746 1.0286288102078247 1.0417235110992655 1.0537106299449337 1.0542507001756922 1.0832972043443352 1.1227635813338608 1.1595303525767042 1.172007628811595 1.3035950436015877 1.436403218062694
58 812 0.010945958384599521 1.4411438900507159 0.8233415565496189 0.8233415565496189 0.828640430239506 0.837592153636528 0.8607825902503493 0.8667774035350763 0.8745764760830115 0.8841310677762764 0.887582044383134 0.8990354651862255 0.9113382631511044 0.9159128085727153 0.9251440829593433 0.9355862745959733 0.943417302706675 0.9528120691697238 0.9581190593982543 0.9729474603525327 0.9799010463054619 0.9864147764648863 1.0003905832558968 1.0135512238144493 1.0342842451967205 1.0395579337110508 1.0528688232813999 1.0603514861116181 1.0818036904537744 1.122904707596922 1.1559835084182972 1.1782050440166307 1.3107227330165179 1.4411438900507159
59 826 0.011062919646152235 1.4434792546075834 0.8238304003512574 0.8238304003512574 0.8286873967386394 0.8365577069087857 0.8607546222655184 0.8692004325871266 0.8710659884630789 0.881197021580459 0.886517910896345 0.8959259982594533 0.9096909266585111 0.9146250064610154 0.9231097001976933 0.9358320854486835 0.9418657853654402 0.9520305673742335 0.9581382328325505 0.9701501476241603 0.9756831403359929 0.9871491651067515 1.0019505823669965 1.0083169183831946 1.0298805176975343 1.046415881964612 1.0515634481833687 1.0602334071666077 1.0765370083103356 1.1248232245087217 1.1542258156806637 1.189933634315471 1.3109323413915543 1.4434792546075834
60 840 0.0110194555789943 1.4435776766175348 0.8245226286983959 0.8245226286983959 0.8289622688880077 0.8365489625294742 0.854436963384602 0.8682441689837664 0.8720458055488458 0.8783130161368689 0.8851438689130193 0.8909435708607261 0.9094319052293849 0.9157576471504985 0.9212359579013731 0.9288049757359325 0.9381632582742301 0.949760009483347 0.956892123464209 0.9704457482581305 0.9736465367165409 0.9861172910152977 0.9998777172137826 1.006217068163466 1.0299177992173476 1.0496206536449135 1.0526985421687138 1.0627466115515538 1.081437268924879 1.133072439330777 1.1546625002287358 1.1957661199914131 1.313324767104294 1.4435776766175348
61 854 0.010876749879744518 1.4523505856345589 0.8253233503837123 0.8253233503837123 0.8294818884063818 0.8342857677964113 0.8457194723363904 0.8670192360587158 0.8709441009215073 0.8761373705044262 0.8845659579681302 0.8896519846688434 0.9084644143927555 0.9155979662250835 0.9213654777093359 0.9353242135209096 0.9376812724747398 0.9490084256731895 0.9541569603429121 0.9672811131690778 0.9734899547623995 0.9859827350286883 0.9998211979877603 1.0077699272202738 1.0289751252650443 1.051166923116072 1.0541940357692972 1.064652851811392 1.0801925384277946 1.1344899553284025 1.167477091334801 1.1956875578779174 1.314542242649902 1.4523505856345589
62 868 0.011016185483393578 1.4560455183316994 0.8231170531678075 0.8231170531678075 0.8305042132107304 0.8352302497959809 0.841625763133749 0.8638854599027718 0.8713780066399689 0.8747099157157662 0.8852107174684984 0.8886658312634471 0.9076227822063413 0.9147474085476803 0.9188593045051158 0.934842978391874 0.9387465865818909 0.9469328401855411 0.9533694305485945 0.9649207662502665 0.9705895007109226 0.9905623499099635 0.9978692524867236 1.0104545559576863 1.0308926330506618 1.0509074239102518 1.057861027384124 1.0634338776985972 1.0798975612736612 1.1336384388522407 1.1716596658642373 1.1948032315361103 1.3157477129148445 1.4560455183316994
63 882 0.011213113216392775 1.4670454286910402 0.8221075221299401 0.8221075221299401 0.8280090188548236 0.83208254839473 0.8403338646570719 0.8604478014420202 0.8696598472511983 0.8750440216571195 0.884557264765097 0.8899208421470943 0.907210537273822 0.9140055603016448 0.9233447618849799 0.932839557805441 0.9398439285472511 0.9488381699431983 0.9510066275678222 0.9589671833998511 0.9696943638720263 0.9876678603767706 0.9995617585987479 1.0111388264698993 1.0311808733149168 1.04725926201423 1.058475480481302 1.0727648454345393 1.0825477804115786 1.1355723970532616 1.170237058532453 1.2003639893153153 1.3171259730600793 1.4670454286910402
64 896 0.011119760015329523 1.4737003835944547 0.8230909269032323 0.8230909269032323 0.8254464340973514 0.8307027905181751 0.8384009749163017 0.8581784921362594 0.8679677388865643 0.8781505976386149 0.8821676155421883 0.887371701569028 0.9055640984230564 0.9124271923717983 0.9217735585726465 0.9329623136486743 0.9388614029491981 0.9479852199381021 0.951313553213144 0.9575677360018351 0.9676604076083126 0.98255518190526 0.9983481476259685 1.0096070541568363 1.0358154365861425 1.0495585542803187 1.0587595730588577 1.0739929877784171 1.0811969655824536 1.1336566606535232 1.1747279026669257 1.1964732450940092 1.3236112591136053 1.4737003835944547
65 910 0.010925898172648132 1.4749490031708337 0.8210917221904972 0.8210917221904972 0.8224374005109203 0.8253469857592528 0.8297242970824845 0.8555988753889854 0.8663452673363954 0.8783450643326621 0.8830764639908982 0.8906544196122518 0.903548872397791 0.9116632413262723 0.9208137013756814 0.9319992227440201 0.9429128490409431 0.9488938937212927 0.9544374683867389 0.9567366444703603 0.9722388770042227 0.981978351493963 0.9987638805486422 1.0109794478735252 1.032091622795846 1.0538944468067086 1.0576036680827892 1.0713381535511004 1.0818673226026774 1.1325645283886279 1.1768278665928138 1.1995707860794906 1.323865241260884 1.4749490031708337
66 924 0.010739881489390087 1.4776794983100827 0.8183119752249 0.8183119752249 0.8224104550834188 0.8239107067867306 0.8291409845255253 0.8518872416538766 0.8676367629755386 0.8775619736992112 0.8823889904092062 0.8896236321144237 0.9028617350775185 0.9097256037280806 0.9211512727032495 0.9256577314000098 0.9411857057948646 0.9473862605972342 0.9517976378915675 0.95651766330779 0.9741736340602146 0.9805741672862002 0.9987379005855334 1.008832336254117 1.0343446830560792 1.0535616597897104 1.0571887372436064 1.0716995316234879 1.078809308590045 1.1319683131025218 1.176847007209531 1.200523261283624 1.3242484370593712 1.4776794983100827
67 938 0.010685304039818039 1.4796953360557363 0.8139241341433233 0.8139241341433233 0.8190842629916277 0.8228072907986368 0.8279624444329143 0.8521544724351156 0.8641024278558166 0.8745044069455414 0.8800459651009401 0.8901315126432748 0.8999890047580448 0.9070908128377283 0.9184881150967079 0.925900871968713 0.9408984090711274 0.9478355307001183 0.9522740637005929 0.9571807917379976 0.9727677180756615 0.9843047463194817 0.9983476347340827 1.0070460176804068 1.0333478981665547 1.0542041225998897 1.0588346709841416 1.0692361732208562 1.076269500112546 1.1297550231739402 1.1761008976513272 1.2031911448054988 1.324073300623259 1.4796953360557363
68 952 0.010705414286717872 1.485850174102891 0.8129926187456102 0.8129926187456102 0.8177433748458058 0.8187665754622299 0.8233322712942518 0.8525848558893044 0.8581351216046742 0.8754555137406165 0.8805874538676044 0.8857910840225343 0.9001726044539464 0.9077986269122291 0.9173794188863157 0.9264976455291232 0.9423573146618004 0.9516799163676175 0.9531628193953328 0.9564323615385638 0.973780336950569 0.982737718071084 0.997622068376664 1.0139245953352418 1.034157246951327 1.050582364982207 1.0553238241540523 1.0718404254682283 1.0783561708132123 1.1269095175083927 1.1757913655060694 1.2053712399974168 1.3285209608888244 1.485850174102891
69 966 0.010548981530887245 1.48985413766855 0.8137645768471624 0.8137645768471624 0.8145762267663733 0.819157316096912 0.8266060768285611 0.8505449884253393 0.8579851882558411 0.8676945421650207 0.8782939464440708 0.8835106480308107 0.8993256813690231 0.9056164153239843 0.9087813175565265 0.926645086908559 0.9463169108240748 0.9496002116320237 0.9534483096363083 0.9605863470231675 0.9720760877007335 0.9848335866559256 0.9947115612055456 1.0112736413968695 1.033498915706909 1.0526381206122981 1.0594844635483756 1.0747240185167404 1.082100839551743 1.1371609497832327 1.1748999383152707 1.2075872511659191 1.332763464048147 1.48985413766855
70 980 0.010416211596792775 1.4854774612111679 0.8089098773117656 0.8089098773117656 0.8144216553396321 0.8183328093343485 0.8246137321502536 0.8517059314668676 0.8585157538377771 0.8606561968553368 0.8754193036139698 0.8811571341616719 0.8992823734120117 0.9035417247764461 0.9074678616975291 0.928873541849594 0.9453018335583815 0.9507424982291444 0.9515488788720906 0.9602318728711196 0.9762912082783981 0.9861715020674138 0.996248180923904 1.0076846166057072 1.033594813214262 1.0553950580322295 1.0596272860994105 1.0708694367191631 1.084947961843561 1.1377518372971211 1.1750060272885958 1.206990024904862 1.339463786451652 1.4854774612111679
71 994 0.010685029532844554 1.4862585741197798 0.7998607577816913 0.7998607577816913 0.8128962408647933 0.8169554614905591 0.8217501413522361 0.8470444064416824 0.8565535083376973 0.8636169179424725 0.874390358537297 0.8813407542212233 0.8973328878580125 0.9027863196054186 0.9071815966696141 0.9296117144482615 0.9442665338978533 0.9496328646742334 0.9554290406633619 0.9592868381888765 0.9776580753440346 0.9911658396736098 0.996850099785123 1.009831746913975 1.0339111276955701 1.0488254455904713 1.060968659745328 1.0650935727933533 1.0835096677552576 1.1428329643215873 1.1778539505383652 1.2080590559891338 1.3451588065420739 1.4862585741197798
72 1008 0.011184452674793387 1.4876618842017784 0.796686568900886 0.796686568900886 0.8088052281892381 0.8129396030980232 0.8206064275829908 0.8505700634794975 0.8531969380558676 0.864598691030611 0.8721714001766667 0.8780050390244643 0.8941763383558791 0.8998306595284024 0.9086602319361072 0.9267376917748321 0.9410177000622852 0.9497199096497757 0.9558975603398414 0.9608610436467195 0.9780804418948928 0.9900601751834868 0.9983046760254584 1.0132107108899695 1.032013608934759 1.046253314495761 1.0598199328953477 1.064753662906986 1.0972894945124205 1.139567297274916 1.1779539553374088 1.2170146792746346 1.3623518978074776 1.4876618842017784
73 1022 0.011792605024654297 1.4930073228076937 0.7901671730240442 0.7901671730240442 0.8083577461407412 0.8115266408985182 0.8193626320532745 0.8475763873889143 0.8515552943836224 0.8620207248739036 0.8697386150229613 0.8799460510292307 0.8935719947078344 0.8969537240816711 0.9047377153598986 0.9273884025083243 0.9405635684593502 0.9465257124095263 0.9519780689497537 0.9598105929434892 0.9758448186297449 0.9927618189445047 1.0019720527466365 1.0146812163240795 1.0309762640387394 1.0461381666553324 1.0581313525713516 1.0668540264066249 1.1112823640671774 1.141868808297099 1.1792663679149133 1.2246216266153345 1.3665833170767991 1.4930073228076937
74 1036 0.012101049516225107 1.5052156369647613 0.7860702611616851 0.7860702611616851 0.8078671031320794 0.8109394426526337 0.8207324875633146 0.845174216733733 0.8495354313394211 0.8632261532637742 0.8699980568687208 0.8827313271307421 0.8916735085991924 0.8946717330465022 0.9050830475644295 0.9248899384210025 0.9395344037157363 0.9472789206539997 0.9494867494662793 0.957616710178399 0.9777452310901589 0.9959612751501834 1.0032083064705961 1.0146873820341913 1.0323789345042962 1.0467607441189928 1.0535190117366116 1.064428671759341 1.1229788896839363 1.1443761319044734 1.1802661097534504 1.2231747962630921 1.371287392439027 1.5052156369647613
75 1050 0.012375004324701925 1.5162748541629207 0.7742389891751477 0.7742389891751477 0.8047361966037464 0.8105872231660339 0.8188705960093777 0.8448168112370507 0.8506443999851755 0.8649993572717205 0.8694260591042158 0.8833144594612881 0.8891468985801819 0.893007613634884 0.9039354987896157 0.9259176599165595 0.9399252050510056 0.9471010406858066 0.9494632563237331 0.9584628438830338 0.9784007864804797 0.9932274484182405 1.0022956382421935 1.013181752936225 1.028801553111559 1.0420272439616272 1.0501125864996728 1.0677479244947403 1.1313340622959953 1.145525444329578 1.1807954716638591 1.2225148808118258 1.3832098644742659 1.5162748541629207
76 1064 0.012812338085362987 1.5245001817321777 0.7710981342513207 0.7710981342513207 0.8059989532757447 0.8081275499039119 0.8146918994133654 0.8435554426928782 0.8479332697822067 0.8630475861083866 0.8677711104212108 0.8814172015241971 0.8838996091189868 0.8956874633460848 0.9022225124574476 0.9277936286988818 0.9390162695352324 0.9478216740269955 0.9486824747310314 0.9598779011926349 0.9799773036745435 0.9924579321604119 0.9986529765488168 1.0105609085664942 1.0251024002141618 1.0429603701700367 1.0484923443884355 1.07579464636165 1.130050254176818 1.144988533455059 1.1840258717043852 1.2285495427749866 1.388353104022493 1.5245001817321777
77 1078 0.01345830379308924 1.5292309153327237 0.7658658938823916 0.7658658938823916 0.8028179830424441 0.8070624534827744 0.8107907512855985 0.8383989451412149 0.8438729800284988 0.8631485280729473 0.8649865896937737 0.8804038086392133 0.8842278365149041 0.8960118232422601 0.902657095461254 0.9245797694634593 0.9427848468543356 0.9436159025073253 0.9487953668517944 0.9640546283075249 0.9783856563831762 0.9906692313460725 0.9978264371810517 1.0086627685724547 1.0333085325411233 1.0420055524633658 1.0503250140350149 1.0787787532884114 1.128073809309241 1.1515761580864374 1.1839662025910394 1.2357221397127998 1.39336254153181 1.5292309153327237
78 1092 0.01419422816351229 1.5388848204322159 0.7595585984250371 0.7595585984250371 0.8026854099468363 0.8055779026954578 0.812698128349116 0.8386606352588801 0.8439363928559716 0.8598037605831587 0.8637497746913428 0.8748993618884665 0.88510807946716 0.8955354686463665 0.8989716054381348 0.925946830089702 0.932551514139472 0.9451792943189463 0.9498559197977111 0.967999315916531 0.9788277587409194 0.9910761572935841 0.9966934945071332 1.0054675810411704 1.035492070367712 1.0448217820272439 1.053407926822011 1.0795104981968224 1.1256003173047844 1.1527833288021156 1.1822296237908696 1.256588745077021 1.3953354506678073 1.5388848204322159
