% # columns="iteration, evaluation, sigma, axis ratio, bestever, best, median, worst objective function value, interquartile range, further/more values", seed=579650, Mon Feb 24 16:43:30 2025, <python>{}</python>
1 14 0.00916414614591736 1.0000483882674487 -10.0 -1.0000000000000000e+01 -9.0 -8.0 1.0   
2 28 0.008741795559734583 1.0589805438769486 -11.0 -1.1000000000000000e+01 -10.0 -8.0 1.0   
3 42 0.008509441835871994 1.0823161189413115 -11.0 -1.0000000000000000e+01 -9.0 -8.0 1.0   
4 56 0.008543690795438383 1.089921106223597 -11.0 -1.1000000000000000e+01 -9.0 -8.0 1.0   
5 70 0.008604698530063737 1.1236142529193702 -11.0 -1.0000000000000000e+01 -9.0 -8.0 1.0   
6 84 0.008792501080179198 1.1498763928379643 -11.0 -1.1000000000000000e+01 -10.0 -8.0 1.0   
7 98 0.008924980410799626 1.1783173055748006 -11.0 -1.1000000000000000e+01 -9.0 -8.0 1.0   
8 112 0.009144132632292414 1.208241977992224 -11.0 -1.1000000000000000e+01 -9.0 -9.0 0.0   
9 126 0.009076040269651647 1.2347991031200651 -11.0 -1.0000000000000000e+01 -10.0 -9.0 1.0   
10 140 0.00925395749486171 1.2651029366608448 -28.0 -2.8000000000000000e+01 -9.0 -8.0 1.0   
11 154 0.009357304101069202 1.2865634162305142 -28.0 -1.2000000000000000e+01 -10.0 -8.0 1.0   
12 168 0.009453737292734767 1.2968651565723466 -28.0 -1.1000000000000000e+01 -9.0 -8.0 1.0   
13 182 0.009568433405236281 1.3034765441811944 -28.0 -1.1000000000000000e+01 -9.0 -8.0 1.0   
14 196 0.009560924474183075 1.321082688163953 -28.0 -1.0000000000000000e+01 -9.0 -8.0 1.0   
15 210 0.009642770826315374 1.3343324088389574 -28.0 -1.1000000000000000e+01 -9.0 -8.0 2.0   
16 224 0.009484474223822256 1.352926445097827 -28.0 -1.0000000000000000e+01 -9.0 -8.0 1.0   
17 238 0.009412125869022741 1.3598061877923628 -28.0 -1.1000000000000000e+01 -10.0 -8.0 1.0   
18 252 0.009331018807504105 1.3709381853772273 -28.0 -1.0000000000000000e+01 -9.0 -8.0 1.0   
19 266 0.009281013009450487 1.375554991909082 -28.0 -1.1000000000000000e+01 -9.0 -8.0 1.0   
20 280 0.009265284848063618 1.3756472478058077 -28.0 -1.0000000000000000e+01 -9.0 -8.0 1.0   
21 294 0.009360443918485851 1.3883281737717377 -28.0 -1.1000000000000000e+01 -10.0 -8.0 1.0   
22 308 0.009418913062611143 1.3821201688855425 -28.0 -1.4000000000000000e+01 -9.0 -8.0 1.0   
23 322 0.00942730930838694 1.3944563307357702 -28.0 -1.0000000000000000e+01 -9.0 -8.0 1.0   
24 336 0.009499522002507886 1.3995269822115879 -28.0 -2.0000000000000000e+01 -10.0 -9.0 1.0   
25 350 0.009570114388674401 1.409076924306803 -28.0 -1.1000000000000000e+01 -9.0 -8.0 1.0   
26 364 0.00979982770001537 1.42255820949892 -28.0 -1.0000000000000000e+01 -9.0 -8.0 1.0   
27 378 0.009957053642192919 1.4302746260266117 -28.0 -1.0000000000000000e+01 -9.0 -8.0 1.0   
28 392 0.010078365564124562 1.4439746989072675 -28.0 -1.0000000000000000e+01 -9.0 -8.0 2.0   
29 406 0.010105682394629173 1.454984507194706 -28.0 -1.1000000000000000e+01 -9.0 -9.0 1.0   
30 420 0.010437586294833632 1.4584804293802027 -28.0 -1.0000000000000000e+01 -9.0 -8.0 1.0   
31 434 0.010707713002241909 1.4694931963936426 -28.0 -1.0000000000000000e+01 -9.0 -9.0 1.0   
32 448 0.011085677296025708 1.4911107603716818 -28.0 -1.0000000000000000e+01 -9.0 -8.0 1.0   
33 462 0.011430279549004625 1.5096474497677663 -28.0 -1.1000000000000000e+01 -9.0 -8.0 1.0   
34 476 0.011722637080185068 1.5288151734181326 -28.0 -1.0000000000000000e+01 -9.0 -9.0 1.0   
35 490 0.011934493352890648 1.5533476388956382 -28.0 -1.1000000000000000e+01 -9.0 -8.0 1.0   
36 504 0.012058522675309397 1.583437457170928 -55.0 -5.5000000000000000e+01 -9.0 -8.0 1.0   
37 518 0.011897490600233427 1.606443261208012 -55.0 -1.6000000000000000e+01 -10.0 -8.0 1.0   
38 532 0.011831707031407245 1.625118754168704 -55.0 -1.0000000000000000e+01 -9.0 -8.0 1.0   
39 546 0.011604081989709764 1.6386536640765341 -55.0 -1.0000000000000000e+01 -9.0 -8.0 1.0   
40 560 0.01143215737124298 1.6525128123031263 -55.0 -1.0000000000000000e+01 -9.0 -8.0 1.0   
41 574 0.011243609997093531 1.668695802340582 -55.0 -1.0000000000000000e+01 -9.0 -8.0 2.0   
42 588 0.010985089319687513 1.6779921129075743 -55.0 -1.0000000000000000e+01 -9.0 -8.0 1.0   
43 602 0.010664131590229792 1.6854265563642936 -55.0 -1.1000000000000000e+01 -9.0 -8.0 1.0   
44 616 0.01029956975003014 1.6811442178302465 -55.0 -2.6000000000000000e+01 -9.0 -8.0 1.0   
45 630 0.009935582993384954 1.6930894452883325 -55.0 -4.6000000000000000e+01 -10.0 -8.0 0.0   
46 644 0.00990361247828262 1.7031031746602987 -55.0 -1.9000000000000000e+01 -9.0 -8.0 1.0   
47 658 0.010089117788725338 1.697710533609338 -67.0 -6.7000000000000000e+01 -10.0 -9.0 6.0   
48 672 0.010315425707879093 1.7146988701285042 -67.0 -6.4000000000000000e+01 -10.0 -8.0 6.0   
49 686 0.010259373667935865 1.719972548707132 -93.0 -9.3000000000000000e+01 -10.0 -9.0 5.0   
50 700 0.010215047232445056 1.7147980157650684 -93.0 -6.9000000000000000e+01 -11.0 -8.0 5.0   
51 714 0.0100695060221805 1.7165648916378753 -93.0 -2.1000000000000000e+01 -10.0 -9.0 2.0   
52 728 0.010141723750963305 1.7193189671295586 -112.0 -1.1200000000000000e+02 -10.0 -8.0 4.0   
53 742 0.010164090858474722 1.7188558767342468 -112.0 -3.7000000000000000e+01 -10.0 -8.0 10.0   
54 756 0.010337839450249537 1.7215158169140707 -112.0 -2.0000000000000000e+01 -10.0 -9.0 2.0   
55 770 0.010589145135518238 1.7207910299991247 -112.0 -3.1000000000000000e+01 -11.0 -9.0 4.0   
56 784 0.010674253526771881 1.7249983599915228 -112.0 -2.7000000000000000e+01 -12.0 -9.0 7.0   
57 798 0.010762533143044397 1.737313584164132 -112.0 -9.4000000000000000e+01 -11.0 -8.0 15.0   
58 812 0.010945958384599521 1.7503597123047254 -112.0 -4.0000000000000000e+01 -11.0 -8.0 11.0   
59 826 0.011062919646152235 1.7521558490584053 -112.0 -1.0300000000000000e+02 -14.0 -8.0 23.0   
60 840 0.0110194555789943 1.7508041942965091 -112.0 -4.2000000000000000e+01 -15.0 -9.0 10.0   
61 854 0.010876749879744518 1.7597352419016459 -112.0 -8.0000000000000000e+01 -14.0 -9.0 5.0   
62 868 0.011016185483393578 1.7689410184469327 -112.0 -7.3000000000000000e+01 -14.0 -9.0 9.0   
63 882 0.011213113216392775 1.7844933773263334 -112.0 -9.0000000000000000e+01 -17.0 -10.0 23.0   
64 896 0.011119760015329523 1.7904466389139435 -112.0 -8.7000000000000000e+01 -14.0 -10.0 10.0   
65 910 0.010925898172648132 1.796326723689267 -112.0 -5.9000000000000000e+01 -23.0 -10.0 21.0   
66 924 0.010739881489390087 1.8057654574882227 -112.0 -9.9000000000000000e+01 -14.0 -9.0 18.0   
67 938 0.010685304039818039 1.8179769759661382 -147.0 -1.4700000000000000e+02 -28.0 -12.0 29.0   
68 952 0.010705414286717872 1.827630583406098 -147.0 -7.2000000000000000e+01 -16.0 -10.0 18.0   
69 966 0.010548981530887245 1.8308171430130555 -150.0 -1.5000000000000000e+02 -16.0 -9.0 32.0   
70 980 0.010416211596792775 1.836394266995263 -150.0 -1.0200000000000000e+02 -28.0 -10.0 27.0   
71 994 0.010685029532844554 1.8581466332236658 -150.0 -8.9000000000000000e+01 -15.0 -8.0 28.0   
72 1008 0.011184452674793387 1.8673113646865749 -237.0 -2.3700000000000000e+02 -18.0 -9.0 32.0   
73 1022 0.011792605024654297 1.889482850943825 -237.0 -1.6300000000000000e+02 -22.0 -9.0 27.0   
74 1036 0.012101049516225107 1.9148614460242972 -295.0 -2.9500000000000000e+02 -16.0 -10.0 8.0   
75 1050 0.012375004324701925 1.9584067392140987 -295.0 -1.8200000000000000e+02 -18.0 -10.0 18.0   
76 1064 0.012812338085362987 1.977050798096347 -453.0 -4.5300000000000000e+02 -19.0 -10.0 26.0   
77 1078 0.01345830379308924 1.9967345817955389 -453.0 -1.3700000000000000e+02 -13.0 -8.0 24.0   
78 1092 0.01419422816351229 2.0260251462140384 -1000.0 -1.0000000000000000e+03 -53.0 -10.0 170.0   
